1495888117	126.00000	126.50000	126.50000
1495888128	126.00001	126.50000	126.90000
1495888139	126.50000	126.00001	126.90000
1495888150	126.50000	126.90000	126.90000
1495888161	126.30000	126.99800	126.99800
1495888173	126.30000	126.99800	126.99800
1495888184	127.00000	127.50000	127.50000
1495888195	127.00001	127.50000	127.50000
1495888206	127.00001	127.50000	127.50000
1495888217	127.00003	127.50000	127.50000
1495888228	127.50000	127.50000	127.50000
1495888239	127.00000	127.50000	127.89998
1495888250	127.89999	127.90000	127.90000
1495888262	127.90000	128.00000	128.10000
1495888273	128.10000	128.59035	128.49998
1495888284	128.59036	128.59035	128.59036
1495888295	128.59036	128.59035	128.59036
1495888306	129.00002	131.49968	130.00000
1495888317	129.00002	130.00000	130.00000
1495888328	130.00010	130.00000	130.00010
1495888339	130.00010	130.59698	130.59698
1495888351	130.59698	130.81944	132.00000
1495888362	130.81944	132.48230	132.48230
1495888373	130.81944	132.48227	132.47000
1495888384	132.00002	132.39992	132.39992
1495888395	132.00002	132.40000	132.35992
1495888406	132.00002	132.00002	132.00002
1495888417	132.00008	132.00008	132.00008
1495888428	132.00002	132.34000	132.34000
1495888440	132.00015	132.00015	132.34000
1495888451	130.40000	130.40000	131.00000
1495888462	131.00037	132.00000	132.00000
1495888473	131.01020	132.00000	132.00000
1495888484	132.00008	132.00015	132.00015
1495888495	132.00015	132.33997	132.29990
1495888506	132.00014	132.29990	132.29000
1495888517	132.00008	130.94000	132.00014
1495888529	132.00000	132.00000	132.00099
1495888540	131.44002	131.20003	131.99998
1495888551	131.44003	132.00000	132.00000
1495888562	131.44003	132.00000	131.80000
1495888573	131.20023	131.00000	131.80000
1495888584	131.00000	131.00000	131.00000
1495888596	131.00000	131.00000	131.00000
1495888607	131.00000	131.00000	131.00000
1495888618	131.00000	131.00000	131.00000
1495888629	131.00000	131.48997	131.48997
1495888640	131.09800	131.09800	131.30000
1495888651	130.55011	130.55010	130.88000
1495888662	130.55002	130.81400	130.88000
1495888673	130.55000	130.87991	130.87991
1495888685	130.55000	130.55000	130.81400
1495888696	130.28000	130.10000	130.81400
1495888707	130.00000	130.00000	130.59251
1495888718	130.11850	130.00000	130.59251
1495888729	130.11852	130.11852	130.47401
1495888740	130.11852	130.00000	130.47401
1495888751	130.00000	130.00002	130.47400
1495888762	129.50014	130.11853	130.40290
1495888774	130.54993	130.54993	130.54993
1495888785	130.59251	130.54993	130.59251
1495888796	130.00000	129.00032	130.00000
1495888807	130.00002	130.54984	130.55011
1495888818	130.00000	130.11852	130.54980
1495888829	130.11852	130.55011	130.55011
1495888840	129.10208	130.59251	130.59251
1495888851	129.90000	130.59251	130.59251
1495888863	129.10213	129.90001	130.59251
1495888874	130.88000	130.79990	130.88000
1495888885	130.88000	131.00000	131.00000
1495888896	130.11852	131.00000	130.99998
1495888907	131.00000	130.99998	131.39925
1495888919	131.00002	131.00000	131.39925
1495888930	131.00002	131.88000	131.89992
1495888941	131.00002	131.00002	131.89983
1495888952	131.00002	131.89983	131.89981
1495888963	130.54996	131.00000	131.00000
1495888974	130.54984	130.99998	130.99998
1495888986	130.54990	130.54990	131.00000
1495888997	130.54990	130.99998	130.99998
1495889008	130.54997	130.99998	131.00000
1495889019	130.54980	130.60000	131.00000
1495889030	130.54982	130.54980	130.99998
1495889041	130.54982	131.19998	131.20000
1495889052	130.55000	130.70000	131.19997
1495889063	130.70000	130.70000	131.19997
1495889074	130.70000	131.00000	131.00000
1495889086	130.99998	131.00000	131.00000
1495889097	130.99998	131.00000	131.00000
1495889108	130.70020	130.70020	130.99998
1495889119	130.70021	130.70021	130.99998
1495889130	130.70023	131.00000	131.00000
1495889141	130.72002	130.72002	130.99998
1495889152	130.72002	130.99998	130.99998
1495889164	130.72002	131.00000	131.00000
1495889175	130.99998	131.00000	131.00000
1495889186	130.99998	131.00000	131.00000
1495889197	131.00002	131.50000	131.54984
1495889208	131.54984	131.54980	131.80077
1495889219	131.00002	132.20000	131.66998
1495889230	132.70000	132.70000	132.98988
1495889242	131.54987	132.70000	132.50000
1495889253	131.31975	132.50000	132.49998
1495889264	131.66998	132.50000	132.50000
1495889275	131.66998	132.50000	132.49998
1495889286	132.49998	132.49998	132.50000
1495889297	132.49998	132.50000	132.50000
1495889308	132.50002	132.98961	132.99000
1495889320	132.59800	133.00000	132.98999
1495889331	132.59802	132.99998	132.89200
1495889342	132.60000	132.89200	132.89200
1495889353	132.62000	132.60007	133.00000
1495889364	132.62001	132.62000	132.92000
1495889375	132.62003	132.62003	132.99998
1495889386	132.92000	133.11000	133.11000
1495889398	133.40000	133.49000	133.48999
1495889409	133.40001	133.40001	133.49000
1495889420	133.48999	133.49000	133.49000
1495889431	133.50000	133.50002	133.60000
1495889442	133.59999	133.83635	133.83636
1495889453	133.59999	133.83635	133.83635
1495889464	133.60000	133.90000	133.90000
1495889476	133.83636	133.90000	133.89363
1495889487	133.83636	133.90000	133.89363
1495889498	133.83636	133.99000	133.99997
1495889509	133.83636	133.83636	133.99997
1495889520	133.99997	133.99997	133.99998
1495889531	134.00000	133.99998	134.00000
1495889542	134.00000	134.00000	134.49455
1495889554	134.09890	134.80396	134.59600
1495889565	134.50000	134.50000	134.80392
1495889576	134.50002	134.50000	134.80386
1495889587	134.50000	134.80385	134.80385
1495889598	134.50002	134.80385	134.80385
1495889609	134.50000	134.80379	134.80383
1495889620	134.50003	134.80377	134.80377
1495889631	133.99997	134.50000	134.50000
1495889643	134.50000	134.50000	134.80370
1495889654	134.00002	134.40000	134.40000
1495889665	134.09800	133.99998	134.48997
1495889676	134.09800	134.29000	134.29000
1495889687	134.09800	134.00000	134.29000
1495889699	133.50000	133.57507	134.00000
1495889710	133.83696	133.00008	133.91360
1495889721	134.00000	134.18681	134.18681
1495889732	134.00002	134.09800	134.09800
1495889743	134.00002	134.09800	134.09800
1495889754	134.00002	134.09800	134.09800
1495889766	134.00000	134.09800	134.00002
1495889777	134.00000	134.00000	134.00002
1495889788	134.00000	134.09799	134.09798
1495889799	134.09798	134.09798	134.31055
1495889810	134.00000	134.31055	134.09798
1495889821	134.00000	134.00000	134.35000
1495889832	134.00000	134.00000	134.17198
1495889843	134.10000	134.17197	134.17197
1495889855	134.00002	134.17197	134.10000
1495889866	133.00014	134.10000	134.04926
1495889877	134.00002	134.04250	134.04250
1495889888	133.53667	134.04243	134.04243
1495889899	133.53667	134.04243	134.04240
1495889910	134.02690	133.53668	134.04234
1495889921	133.53670	133.53670	133.91599
1495889933	133.00034	133.00023	133.91599
1495889944	133.20625	134.02998	134.02998
1495889955	133.20627	134.02998	133.90000
1495889966	133.34502	133.90000	133.90000
1495889977	133.34502	133.34502	133.89996
1495889988	133.34505	133.00000	133.76125
1495889999	133.42828	133.89993	133.89992
1495890011	134.00000	134.00000	134.09789
1495890022	134.00000	134.00000	134.00000
1495890033	133.42831	134.00000	134.00000
1495890044	134.09785	134.10000	134.31030
1495890055	134.09785	134.74973	134.74971
1495890066	134.09789	134.74973	134.31046
1495890077	134.09789	134.09789	134.31046
1495890089	134.31046	134.31046	134.39182
1495890100	134.09790	134.39174	134.39174
1495890111	134.09789	134.00000	134.39159
1495890122	134.00002	134.09789	134.09789
1495890134	134.00002	134.00002	134.39150
1495890145	134.00000	134.00002	134.39146
1495890156	134.00002	134.00000	134.27646
1495890167	133.42831	133.42831	134.39137
1495890178	133.42833	133.42831	134.09780
1495890189	133.42834	133.00000	134.09773
1495890200	132.70279	133.00000	133.00000
1495890212	133.00000	133.00000	133.00000
1495890223	132.71000	133.00000	133.00000
1495890234	133.00002	133.00000	133.99588
1495890245	133.00002	133.00000	133.99998
1495890256	132.71011	133.00000	133.00000
1495890267	132.71017	133.00000	133.00000
1495890279	133.00000	133.00000	133.00000
1495890290	132.72021	132.99998	132.98000
1495890301	132.72029	132.99998	132.99641
1495890313	132.72037	132.99998	132.99998
1495890324	132.72037	132.99998	132.99998
1495890335	132.99998	133.00000	133.00000
1495890346	132.72044	133.00000	133.00000
1495890357	133.00000	133.00000	133.79988
1495890369	133.00002	133.00002	133.79980
1495890380	133.00002	133.79974	133.79973
1495890391	133.00003	133.79974	133.79973
1495890402	133.00009	132.32020	133.79979
1495890413	133.16003	133.79979	133.79991
1495890424	133.00005	133.00003	133.63985
1495890435	132.32042	133.63985	133.63985
1495890447	133.10004	133.63985	133.50000
1495890458	133.10004	133.10004	133.49998
1495890469	132.32082	133.63965	133.63962
1495890480	132.32088	133.63960	133.63960
1495890491	132.32088	133.63960	133.09999
1495890502	132.32095	133.00000	133.00000
1495890513	132.32110	133.00000	132.99997
1495890524	132.50000	132.32124	133.00000
1495890535	132.50002	132.32124	132.99980
1495890546	132.50003	132.50003	132.99976
1495890558	132.50002	132.50002	132.50002
1495890569	132.50000	132.50002	132.50002
1495890580	132.32085	132.50002	132.49998
1495890591	132.10020	132.49998	132.50000
1495890602	132.32085	132.50000	132.50000
1495890613	132.49986	132.50000	132.49995
1495890624	132.50000	132.50002	132.50002
1495890635	132.49990	132.49990	132.49990
1495890646	131.83598	132.00000	132.00000
1495890658	131.67007	130.54985	131.99995
1495890669	131.00006	130.54985	131.99994
1495890680	131.00006	130.54985	131.99994
1495890691	131.00008	131.00008	131.99992
1495890702	131.00014	131.99992	131.99979
1495890714	131.99979	131.00015	131.99985
1495890725	131.00017	131.00017	131.99970
1495890736	131.00024	131.99970	131.99966
1495890747	131.00024	131.00026	131.99966
1495890758	131.00034	131.99965	131.99959
1495890769	131.00034	131.99957	131.99957
1495890780	131.00037	131.00035	131.99954
1495890791	131.00037	131.00035	131.99954
1495890802	131.00040	131.97000	131.96999
1495890814	131.00040	131.00040	131.96983
1495890825	131.00040	131.00040	131.86116
1495890836	131.00041	131.00040	131.86113
1495890847	131.00043	131.00040	131.42067
1495890858	130.67242	131.00000	131.00000
1495890869	130.67244	131.00000	130.99998
1495890881	130.67245	131.00000	131.42047
1495890892	130.68000	131.71284	130.99995
1495890903	130.68002	130.67245	130.99990
1495890914	130.99998	131.00000	131.00000
1495890925	130.99998	130.99998	130.99998
1495890936	130.99998	130.99998	131.00000
1495890947	131.00000	130.99998	131.00000
1495890958	130.99998	130.99998	131.00000
1495890969	130.67265	130.99998	130.99998
1495890980	130.67276	130.99998	131.00000
1495890992	130.67278	130.68002	130.68002
1495891003	130.67278	130.68002	130.68001
1495891014	130.55000	130.67265	130.67265
1495891025	130.55000	130.68002	130.60000
1495891036	130.40001	130.40001	130.46704
1495891047	130.25015	130.46704	130.68002
1495891058	130.25017	130.00002	130.67245
1495891069	130.25018	130.25018	130.59848
1495891081	130.25018	130.59848	130.59848
1495891092	130.40001	130.67245	130.67245
1495891103	130.40001	130.40001	130.59848
1495891114	130.59850	130.00018	130.67244
1495891125	130.71587	130.94978	131.00000
1495891139	130.71587	130.71587	130.94968
1495891150	130.00000	130.00000	130.00000
1495891161	129.82660	129.82661	129.99000
1495891172	129.99000	129.99000	129.99998
1495891184	129.82661	130.00000	129.89000
1495891196	129.82661	129.88998	129.88998
1495891207	129.88998	129.88998	129.88998
1495891219	129.46571	129.88998	129.88998
1495891231	129.46573	129.89000	129.89000
1495891242	129.49000	129.89000	129.49998
1495891255	129.49998	129.49998	129.49998
1495891266	129.89000	129.50000	129.89000
1495891278	129.50002	129.89000	129.89000
1495891289	129.50002	129.89000	129.89000
1495891300	129.50002	130.00000	130.00000
1495891313	129.50003	130.00000	129.99998
1495891324	129.50005	130.00000	130.00000
1495891335	129.50002	129.50002	129.99998
1495891347	129.50050	129.99998	129.99998
1495891358	129.62502	130.00000	129.99998
1495891370	129.62503	130.00000	130.00000
1495891381	130.00000	130.00000	130.00000
1495891392	130.00000	130.00000	130.00000
1495891403	130.00000	130.00000	130.00000
1495891414	130.22000	130.00000	130.40001
1495891425	130.22002	130.22000	130.40000
1495891436	130.50000	130.40001	130.59673
1495891448	130.50000	130.50002	130.59694
1495891459	130.59695	130.99986	130.99982
1495891470	130.59694	130.99998	130.99998
1495891481	130.60000	130.60000	131.00000
1495891492	130.70000	131.00000	131.00000
1495891504	130.60000	131.00000	130.60000
1495891515	130.59705	131.00000	131.19583
1495891526	130.50002	130.59695	130.99992
1495891537	130.50002	130.91225	130.91225
1495891548	130.00002	130.91225	130.91222
1495891559	130.00002	130.91225	130.91222
1495891571	130.20000	130.91225	130.91222
1495891582	130.99998	131.33000	131.19582
1495891593	130.20010	130.99998	130.99998
1495891604	130.36008	130.99998	130.36008
1495891615	130.36008	130.36008	130.36008
1495891626	130.36008	131.33000	130.59705
1495891637	130.84001	130.84000	130.95820
1495891648	130.47972	130.84000	130.95820
1495891660	130.47972	130.84000	130.95818
1495891671	130.57541	130.84000	130.95818
1495891673	130.57541	130.84000	130.95818
1495891685	130.95818	130.95818	130.95820
1495891696	130.95818	130.95820	130.95819
1495891707	130.36040	130.47974	130.95819
1495891718	130.57555	130.47974	130.95819
1495891729	130.95819	131.54979	131.54985
1495891741	131.07652	130.95819	131.54977
1495891752	130.57587	131.00000	130.95818
1495891763	130.95818	131.00000	130.95818
1495891774	130.65237	130.95818	130.95818
1495891785	130.65239	130.57602	130.95816
1495891796	130.65237	130.65237	130.65239
1495891807	130.65237	130.88160	130.88160
1495891819	130.99000	130.95819	130.99000
1495891830	131.00000	131.25146	131.25146
1495891841	131.00006	131.00006	131.96970
1495891852	131.00014	131.00012	131.96964
1495891863	131.00100	131.00100	131.96957
1495891874	131.00108	131.96953	131.96953
1495891885	131.96948	131.96948	131.96948
1495891897	131.77000	131.96948	131.96947
1495891908	131.10000	131.10000	131.77000
1495891919	131.00102	131.00108	131.00108
1495891930	131.00108	131.00108	131.96928
1495891941	131.01000	131.96944	132.00108
1495891952	131.96928	132.00108	131.96944
1495891963	131.96928	131.96928	131.96944
1495891974	131.96928	131.96928	131.96936
1495891986	131.96928	131.96928	131.96936
1495891997	131.01035	132.00000	132.00000
1495892008	131.14333	131.99998	131.99998
1495892019	132.00000	131.99998	132.00000
1495892030	131.14346	131.14342	131.99997
1495892042	131.14357	131.14342	131.99995
1495892053	131.20000	132.80000	132.93565
1495892064	132.46259	132.46259	132.75642
1495892075	132.46260	132.46259	132.75642
1495892086	132.46260	132.46260	132.93546
1495892097	132.46260	132.46262	132.99928
1495892108	132.36000	132.40000	132.40000
1495892119	132.36000	132.40000	132.40000
1495892131	132.00027	132.36000	132.40000
1495892142	132.00035	132.40000	132.39998
1495892153	132.00043	132.39998	132.40000
1495892164	132.99928	132.00043	133.00107
1495892175	132.99928	132.40000	133.00107
1495892186	131.99998	131.99997	132.99927
1495892197	132.00000	132.99927	132.99927
1495892208	132.99928	132.99928	133.00108
1495892220	132.99930	133.49000	133.79991
1495892231	132.99928	132.99928	132.99928
1495892242	132.99928	132.99928	133.48982
1495892253	132.99928	132.99928	133.48980
1495892264	132.99928	132.99928	132.99928
1495892275	132.99928	132.99928	133.14449
1495892286	132.99928	132.99928	133.48972
1495892297	133.22797	133.22798	133.27153
1495892309	132.10056	132.99928	132.99927
1495892320	133.00000	133.00000	133.48962
1495892331	132.10081	133.00002	133.48962
1495892343	132.10092	133.48962	132.99998
1495892354	132.99998	133.14000	133.13990
1495892365	132.99998	132.99998	133.13988
1495892376	133.00000	132.99998	133.13988
1495892387	133.00002	133.00000	133.13980
1495892398	133.00000	133.00000	133.13980
1495892409	133.00000	133.00000	133.13979
1495892421	133.00000	133.48960	133.48960
1495892432	133.09792	133.48960	133.48978
1495892443	133.21709	133.21709	133.21709
1495892454	133.00000	133.00000	133.00000
1495892465	133.00000	133.00000	133.21707
1495892476	133.00002	133.00000	133.21706
1495892487	133.00000	133.00000	133.21703
1495892499	133.00002	133.00000	133.21703
1495892510	133.00000	133.00000	133.00002
1495892521	133.00000	133.00000	133.00002
1495892532	133.10000	133.21687	133.21686
1495892543	133.10000	133.10000	133.21686
1495892554	133.10000	133.10000	133.21684
1495892565	133.10000	133.10000	133.10000
1495892576	133.10000	133.10000	133.21684
1495892588	133.10000	133.10000	133.10000
1495892599	133.10000	133.10000	133.21683
1495892610	133.10008	133.71024	133.68484
1495892621	133.21696	133.71024	133.21700
1495892632	133.21698	133.21696	133.21700
1495892643	133.21683	133.72766	133.72766
1495892654	133.10011	133.21683	133.72765
1495892665	133.10011	133.21683	133.72763
1495892676	133.10014	133.72762	133.72760
1495892687	133.10020	133.72758	133.72758
1495892699	133.10023	133.10023	133.71999
1495892710	133.10030	133.10023	133.71990
1495892721	133.10030	133.10031	133.71991
1495892732	133.10030	133.10030	133.10030
1495892743	133.10011	133.10030	133.71986
1495893655	132.21745	133.49030	132.49411
1495893666	132.00018	132.21745	133.10007
1495893677	132.05000	133.10008	133.10007
1495893688	132.05005	133.10007	133.10005
1495893699	132.05010	133.10007	133.00000
1495893710	132.05014	132.99998	132.99998
1495893721	132.05016	132.99998	133.00000
1495893732	132.99998	132.99998	133.00000
1495893744	132.07000	132.99998	132.99998
1495893755	132.99998	132.99998	132.99998
1495893766	132.07016	132.99998	132.99998
1495893777	132.07020	132.99998	133.00000
1495893788	132.07024	132.99998	132.99998
1495893799	132.07024	133.00000	133.00000
1495893810	132.07037	132.99998	132.99998
1495893822	132.07043	132.99000	132.99000
1495893833	132.07045	132.99000	132.99000
1495893844	132.07053	132.98999	132.99000
1495893855	132.05010	132.07054	132.98999
1495893866	132.00002	132.01000	132.79999
1495893877	132.00002	132.01000	132.79996
1495893888	131.99994	132.00000	132.80000
1495893899	131.99995	132.00000	132.79993
1495893910	132.00003	132.79990	132.79990
1495893922	132.00005	132.79990	132.79990
1495893933	132.00014	132.00012	132.79987
1495893944	132.00020	132.79987	132.79977
1495893955	132.33334	132.79977	132.79977
1495893966	132.33336	132.79977	132.79967
1495893977	132.33336	132.79971	132.79971
1495893988	132.34000	132.34000	132.79947
1495893999	132.34000	132.34000	132.79940
1495894011	132.34001	132.34001	132.79935
1495894022	132.34001	132.79929	132.69994
1495894033	132.34000	132.79929	132.69992
1495894044	132.34001	132.69986	132.69986
1495894056	132.34003	132.69986	132.69980
1495894067	132.34004	132.34003	132.69972
1495894078	132.34006	132.34006	132.69963
1495894089	132.34006	132.40000	132.39993
1495894100	132.34007	132.34006	132.39986
1495894111	132.34007	132.34006	132.39986
1495894122	132.34007	132.34006	132.39983
1495894134	131.60065	132.39992	132.39992
1495894145	131.60074	131.60065	132.39989
1495894156	132.00000	132.39987	132.39987
1495894167	131.60083	132.39987	131.99994
1495894178	131.60089	131.60089	132.39978
1495894189	131.80000	132.39978	132.39977
1495894200	131.80002	132.39978	132.39973
1495894211	131.81000	131.80002	132.39966
1495894223	131.80002	132.39964	132.39964
1495894234	131.80003	131.80002	132.39957
1495894245	131.80005	132.39957	132.39957
1495894256	131.80006	132.09998	132.09998
1495894267	131.80010	131.80006	132.09998
1495894278	131.80010	132.09995	132.09993
1495894290	131.80013	132.09993	132.09991
1495894301	131.80014	132.09990	132.09988
1495894312	132.00000	132.09990	132.09988
1495894323	132.09991	132.09991	132.09996
1495894334	132.09991	132.09996	132.09995
1495894346	132.09991	132.10000	132.10000
1495894357	132.09991	132.09993	132.09993
1495894368	132.09991	132.09998	132.10000
1495894379	132.09991	132.09993	132.09993
1495894390	132.00000	131.81000	132.09991
1495894401	132.00000	132.00000	132.09991
1495894412	131.92162	132.09993	132.00000
1495894423	131.92162	131.92162	132.00000
1495894435	131.81000	131.87161	131.87161
1495894446	131.81000	131.87161	131.87160
1495894457	131.81000	131.87160	131.87160
1495894468	131.90000	132.01913	132.09999
1495894479	131.90001	131.90001	132.09998
1495894490	131.90004	132.00000	132.09996
1495894501	131.90004	131.99998	131.99998
1495894512	131.90005	132.09995	132.09995
1495894524	132.09995	132.09995	132.09999
1495894535	131.90012	132.00000	132.00000
1495894546	131.92165	131.92163	132.00000
1495894557	131.92165	132.00000	131.99998
1495894568	131.66351	131.36961	131.99998
1495894579	131.66353	131.99997	131.99997
1495894590	131.99997	132.00000	132.00000
1495894601	131.99998	131.99998	131.99998
1495894613	131.99998	131.99995	132.00000
1495894624	132.01009	132.01007	132.01012
1495894635	132.09998	132.09998	132.09999
1495894646	132.09999	132.09999	132.09999
1495894657	132.09998	132.09999	132.09999
1495894668	132.01015	132.09999	132.09999
1495894679	132.01022	132.09999	132.09999
1495894690	132.01030	132.09999	132.09999
1495894702	132.01031	132.09999	132.09999
1495894713	132.01031	132.09999	132.09999
1495894724	132.01035	132.09999	132.09999
1495894735	132.01040	132.09999	132.09999
1495894747	132.09998	132.09999	132.09999
1495894758	132.09998	132.09999	132.09999
1495894769	131.80476	132.09999	132.09999
1495894780	132.09998	132.09999	132.09999
1495894791	132.09998	132.09999	132.09999
1495894802	132.09998	132.09999	132.09999
1495894814	131.80496	132.47444	132.09998
1495894825	132.09999	132.09999	132.49078
1495894836	132.21999	132.49078	132.21999
1495894847	132.22000	132.57999	132.57997
1495894858	132.22002	132.22000	132.57997
1495894869	132.22002	132.29200	132.50797
1495894880	132.22002	132.22002	132.57996
1495894892	132.22005	132.57994	132.57994
1495894903	132.22005	132.22005	132.57994
1495894914	132.25002	132.25000	132.57993
1495894925	132.50798	132.25000	132.89960
1495894936	132.50798	132.25000	132.89960
1495894947	132.50797	132.50800	132.50798
1495894958	132.50797	132.50800	132.50798
1495894969	132.50797	132.50798	132.89960
1495894981	132.50806	132.50797	132.89960
1495894992	132.50812	132.89960	132.89958
1495895003	132.50813	132.89960	132.67342
1495895014	132.50822	132.89960	132.89960
1495895025	132.89960	132.89960	132.89960
1495895036	132.89960	132.89960	132.89960
1495895047	132.89960	132.89960	132.89960
1495895059	132.89960	132.89960	132.89960
1495895070	132.50848	132.89960	132.90000
1495895081	132.50848	132.50848	132.89996
1495895092	132.50856	132.89996	132.89996
1495895103	132.54437	132.90000	132.90000
1495895114	132.55582	132.54445	132.90000
1495895125	132.55583	132.90000	132.90000
1495895136	132.59248	132.90000	133.00000
1495895147	132.60000	133.00000	133.10008
1495895159	132.90009	133.00000	133.10005
1495895170	132.90010	133.10005	133.10007
1495895181	132.90012	133.10008	133.10008
1495895192	133.01000	133.10007	133.10007
1495895203	133.01001	133.10008	133.39967
1495895214	133.10007	133.10007	133.11000
1495895226	133.10007	133.39966	133.39964
1495895237	133.50002	133.49998	133.60000
1495895248	133.50000	133.49998	133.60000
1495895259	133.50000	133.49998	133.60000
1495895270	133.50002	133.60000	133.60000
1495895281	133.50008	133.60000	133.60000
1495895292	133.60000	133.60000	133.75000
1495895303	133.60007	133.75000	133.88998
1495895314	133.60014	133.88998	133.88998
1495895326	133.60014	133.88998	133.89000
1495895337	133.70000	133.89000	133.88998
1495895348	133.65001	133.70000	133.70000
1495895359	133.88998	133.70000	133.98851
1495895370	133.88998	133.88998	133.98851
1495895381	134.00000	134.00000	134.05000
1495895392	134.00000	134.00000	134.05000
1495895403	134.00002	134.00000	134.05000
1495895415	134.00002	134.00000	134.05000
1495895426	134.00002	134.00003	134.05000
1495895437	134.05000	134.05000	134.09824
1495895448	134.05000	134.09824	134.09824
1495895459	134.05000	134.05000	134.09822
1495895470	134.05000	134.05000	134.05000
1495895481	134.05000	134.09813	134.09814
1495895492	134.00002	134.09807	134.09805
1495895504	134.00002	134.09807	134.09805
1495895515	134.00002	134.00002	134.09799
1495895526	134.00000	134.00002	134.09796
1495895537	133.98851	134.09500	134.08350
1495895548	134.00000	134.00000	134.09795
1495895559	134.00002	134.09804	134.09802
1495895570	133.98851	133.99998	133.99998
1495895581	133.88998	133.88998	133.90001
1495895593	133.60072	133.60072	133.88998
1495895604	133.60072	133.60072	133.88997
1495895615	133.60072	133.60072	133.88990
1495895626	132.90010	133.00000	133.60000
1495895637	132.25008	132.55585	132.55585
1495895648	132.55586	132.55586	133.60000
1495895659	133.16120	133.16120	133.59995
1495895670	133.16120	133.16120	133.59988
1495895682	132.55602	133.16121	133.16120
1495895693	133.16120	133.59985	133.16120
1495895704	132.55610	133.16120	133.16120
1495895715	132.90000	133.59978	133.59978
1495895726	132.90000	133.59970	133.59970
1495895737	133.30000	133.59970	133.58000
1495895748	133.30000	133.30000	133.57999
1495895759	133.30000	133.30000	133.57993
1495895770	133.30000	133.57983	133.57983
1495895777	133.30000	133.30000	133.30000
1495895788	133.30000	133.40000	133.49991
1495895799	133.30000	133.30000	133.49985
1495895810	133.30000	133.30000	133.47000
1495895821	133.30000	133.30002	133.30000
1495895832	133.30000	133.30002	133.30000
1495895843	133.30000	133.30002	133.30000
1495895855	133.30000	133.30000	133.45990
1495895866	133.30000	133.30000	133.45988
1495895877	133.30002	133.30000	133.45987
1495895888	133.30003	133.45985	133.45985
1495895899	133.30003	133.30003	133.45982
1495895910	133.30000	133.45985	133.45985
1495895922	133.30002	133.45985	133.40000
1495895933	133.40000	134.09824	133.76823
1495895944	133.40000	134.89000	134.71420
1495895955	133.40002	133.40002	134.71420
1495895966	133.50002	133.40002	134.71419
1495895977	133.50009	133.60014	134.71410
1495895988	133.50015	134.71410	134.71400
1495895999	133.60000	134.71410	134.71394
1495896010	134.00000	133.60000	134.71388
1495896022	134.00002	134.71393	134.71385
1495896033	134.00010	134.70000	134.71380
1495896044	134.00010	134.00002	134.69997
1495896055	134.00010	134.00002	134.69989
1495896066	134.00000	134.00002	134.69980
1495896077	134.00002	134.69966	134.69966
1495896088	134.00002	134.69966	134.69000
1495896099	134.00008	134.00000	134.68999
1495896110	134.00003	134.68993	134.68994
1495896122	134.00006	134.68990	134.68987
1495896133	134.00018	134.00008	134.67998
1495896144	134.00018	134.00008	134.67990
1495896155	134.00018	134.65000	134.65000
1495896166	134.00014	134.00018	134.00018
1495896178	134.00014	134.00018	134.18105
1495896189	134.00021	134.64500	134.27148
1495896200	134.00021	134.64500	134.27148
1495896211	134.42021	134.64487	134.64480
1495896222	134.00030	134.31676	134.64478
1495896233	134.00038	134.64478	134.64476
1495896244	134.00040	134.64478	134.64471
1495896256	134.27148	134.64478	134.64470
1495896267	134.27150	134.64471	134.64462
1495896278	134.00100	134.64458	134.64462
1495896289	134.00100	134.64455	134.64455
1495896300	134.00102	134.00100	134.64445
1495896311	134.00100	134.00100	134.64438
1495896322	134.00100	134.00100	134.64430
1495896333	134.00104	134.00100	134.64415
1495896344	134.00104	134.64413	134.64415
1495896355	134.00104	134.64413	134.64413
1495896367	134.00105	134.64413	134.64406
1495896378	134.00105	134.00105	134.64400
1495896389	134.00107	134.00105	134.64397
1495896400	134.00108	134.00105	134.59999
1495896411	134.00108	134.59999	134.59998
1495896422	134.00108	134.00108	134.12000
1495896433	134.00111	134.00108	134.12000
1495896445	134.00111	134.00108	134.12000
1495896456	134.00111	134.11996	134.11996
1495896467	134.00111	134.11996	134.11996
1495896478	134.00111	134.10000	134.09990
1495896489	134.10000	134.09990	134.11995
1495896500	134.00000	134.00000	134.11995
1495896511	134.01000	134.00000	134.11993
1495896522	134.01000	134.00000	134.11996
1495896534	134.00000	134.01000	134.00111
1495896545	134.00000	134.12000	134.12000
1495896556	133.87883	134.00000	134.12000
1495896567	133.93002	134.00000	134.11998
1495896578	133.93004	133.93004	134.11996
1495896589	133.93002	133.93001	134.11996
1495896600	133.93002	134.11996	134.11996
1495896611	133.93002	134.11998	134.11998
1495896622	133.93001	133.93001	133.93002
1495896634	133.93001	133.93001	133.93002
1495896645	133.93000	133.93000	133.93000
1495896656	133.93001	133.93000	133.93002
1495896667	133.93001	133.93001	133.93002
1495896678	133.61182	133.93000	133.93000
1495896689	133.61183	133.92992	133.61183
1495896700	133.61185	133.92992	133.84993
1495896712	133.84993	133.61185	133.84999
1495896723	133.61183	133.84993	133.73000
1495896734	133.61183	133.72997	133.72997
1495896745	133.61183	133.61185	133.69998
1495896756	133.61182	133.61183	133.69992
1495896767	133.60010	133.60010	133.60010
1495896778	133.30002	133.40000	133.40000
1495896789	133.30002	133.30000	133.60010
1495896801	133.30003	133.30000	133.60008
1495896812	133.31004	133.30000	133.60007
1495896823	133.31004	133.31004	133.49998
1495896834	133.30003	133.31004	133.31004
1495896845	133.31004	133.31004	133.49997
1495896856	133.31004	133.31004	133.49998
1495896867	133.31006	133.49998	133.49998
1495896879	133.31004	133.45000	133.45000
1495896890	133.30000	133.45000	133.44997
1495896901	133.30000	133.30000	133.44997
1495896912	133.19417	133.30000	133.25000
1495896923	133.04128	133.00163	133.25000
1495896934	133.04135	133.00163	133.24998
1495896945	133.04137	133.04135	133.24998
1495896956	133.04144	133.24997	133.24997
1495896967	133.00000	133.25000	133.01004
1495896978	133.01004	133.25000	133.25000
1495896989	133.01004	133.04150	133.24998
1495897000	132.70383	132.56003	133.25000
1495897012	133.05000	133.24998	133.24998
1495897023	132.70393	132.50009	133.24998
1495897034	132.70393	132.50017	133.24998
1495897201	132.50050	133.24998	132.70392
1495897212	132.50056	132.70393	132.70390
1495897223	132.70393	132.70393	132.70395
1495897234	132.70392	132.70393	132.70395
1495897246	132.52477	132.70395	132.70393
1495897257	132.52477	132.70392	132.60000
1495897268	132.52478	132.60000	132.60000
1495897279	132.60000	132.60000	132.69960
1495897290	132.60000	132.69960	132.69960
1495897301	132.52481	132.69960	132.69958
1495897312	132.52481	132.69960	132.69958
1495897323	132.52483	132.69960	132.69960
1495897335	132.52477	132.69958	132.69958
1495897346	132.52478	132.69958	132.69958
1495897357	132.52478	132.69958	132.69955
1495897368	132.52480	132.60000	132.60000
1495897379	132.52480	132.60000	132.52481
1495897390	132.52480	132.60000	132.52481
1495897401	132.52477	132.52481	132.52481
1495897412	132.34600	132.52480	132.52480
1495897424	132.34600	132.52480	132.52480
1495897435	132.34601	132.52480	132.52477
1495897446	132.34600	132.52480	132.52477
1495897457	132.10040	132.52480	132.52477
1495897468	132.10043	132.52477	132.52481
1495897479	132.10051	132.52480	132.52480
1495897490	132.10059	132.10059	132.52480
1495897501	132.10060	132.50000	132.49998
1495897512	132.10051	132.50000	132.48799
1495897524	132.10008	132.10051	132.48800
1495897535	132.10010	132.50000	132.48798
1495897546	132.10017	132.50000	132.48798
1495897557	132.10000	132.10011	132.46999
1495897568	132.10000	132.11000	132.46999
1495897579	132.10000	132.10000	132.46996
1495897590	132.10000	132.10000	132.46994
1495897601	132.10000	132.10000	132.10000
1495897613	132.10000	132.10000	132.46992
1495897624	132.09999	132.10000	132.10000
1495897635	131.73240	132.00000	132.00000
1495897646	131.73244	131.73242	131.99998
1495897657	131.73244	132.09999	132.09999
1495897668	131.73190	131.73190	131.95000
1495897679	131.73248	131.95000	131.94998
1495897690	131.73402	131.94998	131.94998
1495897701	131.73404	131.94997	131.94997
1495897713	131.75000	131.94997	131.94998
1495897724	131.75005	132.02032	132.09978
1495897735	131.75005	131.75003	132.02032
1495897746	131.76000	131.75003	132.02031
1495897757	132.00000	132.00000	132.02031
1495897768	132.00002	132.09999	132.09999
1495897779	132.00002	132.00002	132.09999
1495897790	132.00003	132.00002	132.18845
1495897801	132.00005	132.46867	132.18843
1495897813	132.01001	132.01001	132.46864
1495897824	132.01003	132.01001	132.46858
1495897835	132.01003	132.46857	132.46857
1495897843	132.01004	132.46857	132.46857
1495897854	132.10000	132.46857	132.46850
1495897865	132.10000	132.10000	132.46850
1495897876	132.10002	132.46849	132.46849
1495897887	132.10004	132.46849	132.46849
1495897899	132.10004	132.10007	132.46848
1495897909	132.46849	132.46848	132.46992
1495897921	132.10000	132.29086	132.12000
1495897932	132.20135	132.46991	132.46991
1495897943	132.12001	132.46991	132.46000
1495897954	132.10004	132.46991	132.45999
1495897965	132.28166	132.10004	132.45998
1495897976	132.01022	132.10008	132.10008
1495897987	132.00002	132.00002	132.45996
1495897998	132.00002	132.00002	132.20134
1495898009	132.00002	132.00002	132.20134
1495898021	132.00000	132.20134	132.20134
1495898032	131.87009	131.87009	132.00000
1495898043	131.87020	131.99998	131.99998
1495898054	131.87022	132.11342	132.20135
1495898065	131.87100	132.11342	132.20000
1495898076	131.87102	132.11342	132.19998
1495898087	131.87103	131.87103	132.19998
1495898098	131.87103	132.19998	132.19998
1495898109	132.20132	132.45990	132.20135
1495898121	132.20132	132.46000	132.47000
1495898132	132.20132	132.46000	132.46999
1495898143	132.20134	132.20134	132.46999
1495898154	132.20135	132.46999	132.46999
1495898165	131.87552	131.87543	132.46997
1495898176	131.87553	131.87543	132.46999
1495898187	131.87560	131.87543	132.46997
1495898198	131.87561	131.87560	132.47000
1495898209	131.88000	132.89873	132.89873
1495898220	131.88005	132.89867	132.89865
1495898231	131.88019	132.89867	132.89857
1495898243	131.88026	132.89867	132.89848
1495898254	131.88033	132.89867	132.89845
1495898265	131.90000	132.89867	132.89838
1495898276	131.90007	132.89832	132.89830
1495898283	131.90009	132.89832	132.89822
1495898294	131.90015	132.89832	132.78482
1495898306	132.00000	132.78482	132.78474
1495898317	132.00006	132.78474	132.78465
1495898328	132.00015	132.78464	132.78462
1495898339	132.00010	132.00010	132.78455
1495898350	132.00009	132.00010	132.00010
1495898361	132.01001	132.78444	132.17844
1495898372	132.01003	132.78444	132.17839
1495898383	132.01010	132.27254	132.78432
1495898394	132.01012	132.27254	132.78429
1495898405	132.01015	132.27254	132.78421
1495898416	132.01020	132.78421	132.78413
1495898428	132.01021	132.01020	132.78416
1495898439	132.01025	132.01020	132.78409
1495898450	132.02000	132.78418	132.78407
1495898461	132.02000	132.78418	132.78406
1495898472	132.02008	132.02010	132.70486
1495898484	132.02000	132.02000	132.70473
1495898495	132.02000	132.02016	132.02010
1495898506	132.02000	132.02016	132.02003
1495898517	132.01015	132.02000	132.01993
1495898528	132.01016	132.02002	132.01997
1495898539	132.01018	132.02000	132.02000
1495898550	132.01018	132.02000	132.01987
1495898561	132.01001	132.01001	132.01016
1495898572	132.01001	132.01016	132.01015
1495898584	132.01001	132.01015	132.01016
1495898595	132.01000	132.01000	132.01015
1495898606	132.01001	132.01016	132.01016
1495898617	132.18820	132.18820	132.70990
1495898628	132.18820	132.18820	132.19325
1495898640	132.18820	132.70975	132.19324
1495898651	132.18820	132.70975	132.19324
1495898662	132.01260	132.01256	132.19324
1495898673	132.15001	132.15000	132.70943
1495898684	132.15005	132.15000	132.70929
1495898695	132.15007	132.15000	132.70920
1495898706	132.15013	132.15000	132.68999
1495898717	132.15000	132.15015	132.15007
1495898729	132.15001	132.15015	132.15002
1495898740	132.15001	132.15001	132.15007
1495898751	132.15000	132.15000	132.15001
1495898762	132.15000	132.15000	132.15001
1495898773	132.15000	132.15000	132.15007
1495898784	132.15000	132.15000	132.15005
1495898795	132.15000	132.15000	132.15001
1495898806	132.10000	132.01083	132.15000
1495898817	132.01000	132.01000	132.14992
1495898829	132.01000	132.01001	132.30310
1495898840	132.01000	132.30302	132.30300
1495898851	132.01000	132.01001	132.01001
1495898862	132.00000	132.01000	132.00986
1495898873	132.00000	132.01000	132.00990
1495898884	132.00000	132.01000	132.00993
1495898895	132.00002	132.00002	132.00986
1495898906	131.90000	132.00000	132.00980
1495898917	131.90000	131.90000	132.00000
1495898928	131.90000	131.90000	132.00977
1495898940	131.90000	131.90000	132.00977
1495898951	131.90000	131.90000	132.00977
1495898962	131.90000	131.90000	132.00977
1495898973	131.90000	131.90000	132.00977
1495898985	131.90000	132.00000	131.99992
1495898996	131.90000	132.00000	131.90000
1495899007	131.90000	131.90000	131.90000
1495899018	131.90002	131.90001	132.01001
1495899029	131.90002	131.90002	132.01001
1495899040	131.90002	131.90002	132.01000
1495899051	131.90002	131.90002	132.01000
1495899063	131.90002	131.90002	132.00996
1495899074	131.90002	132.00996	132.01001
1495899085	131.90005	131.90005	132.01000
1495899096	131.90001	131.90000	131.90005
1495899107	131.90005	131.90000	132.01000
1495899118	131.90013	132.39000	132.39000
1495899129	131.90015	131.90015	132.38998
1495899141	131.90020	131.90020	132.38997
1495899152	131.90025	131.90020	132.38995
1495899163	131.90028	131.90028	132.38992
1495899174	131.90034	131.90028	132.38991
1495899185	131.90038	131.90028	132.38988
1495899196	131.90051	131.90028	132.38986
1495899208	132.38000	131.90028	132.38985
1495899219	132.38000	132.38000	132.39000
1495899230	132.38000	132.38000	132.38997
1495899241	132.10010	132.38000	132.25000
1495899252	132.10000	132.10011	132.24992
1495899263	132.10011	132.10011	132.24992
1495899275	132.10011	132.10011	132.24985
1495899286	132.59969	132.35332	132.60000
1495899297	132.60000	132.60000	132.60000
1495899308	132.42166	132.60000	132.60000
1495899319	132.42168	132.59967	132.59966
1495899330	132.50000	132.59967	132.59966
1495899341	132.59966	132.59967	132.59998
1495899353	132.59998	132.59998	132.60000
1495899364	132.60007	132.60000	132.68898
1495899375	132.60007	132.68898	132.68898
1495899386	132.68900	132.71000	132.71000
1495899397	132.69000	132.75000	132.71000
1495899408	132.71000	132.75000	132.75000
1495899419	132.71002	132.75000	132.75000
1495899430	132.71004	133.00000	132.89000
1495899442	132.71004	132.88998	132.88998
1495899453	132.71010	132.88998	132.88997
1495899464	132.71011	132.88998	132.88998
1495899475	132.89008	132.89000	132.99998
1495899486	132.89008	132.99998	132.99998
1495899497	132.89009	132.99998	132.99900
1495899508	132.99998	132.99900	133.00000
1495899519	132.99998	133.00000	133.00000
1495899531	132.99998	133.00000	133.00000
1495899542	132.99998	133.00000	133.00000
1495899553	133.00000	133.00000	133.00000
1495899564	133.33300	133.51000	133.51000
1495899575	133.33301	133.01009	133.51000
1495899586	133.61690	133.53337	133.72987
1495899597	133.73000	134.12000	134.12000
1495899608	133.76700	134.12000	134.12000
1495899620	133.76700	134.49992	134.49980
1495899631	134.49980	134.62193	134.49992
1495899642	134.49998	134.99998	134.88998
1495899653	134.50000	134.50000	134.88998
1495899664	134.12012	134.50000	134.49997
1495899675	133.01048	133.01048	134.48800
1495899687	134.00000	134.48800	134.50002
1495899698	134.00002	134.00000	134.66634
1495899709	134.12000	134.00000	134.61690
1495899720	134.12001	134.61688	134.61690
1495899731	134.12003	134.88998	134.88869
1495899742	134.12006	134.12004	134.88869
1495899753	134.12009	134.12004	134.88867
1495899764	134.96692	134.96692	134.97540
1495899775	134.12016	134.97540	134.97540
1495899786	134.97540	134.97539	134.99997
1495899797	134.99751	134.99997	134.99997
1495899809	134.99997	134.99998	134.99998
1495899820	134.99998	134.99998	134.99998
1495899831	134.99998	134.99998	135.00000
1495899842	134.99995	135.00000	134.99998
1495899853	134.99998	134.99998	134.99998
1495899864	134.99997	134.99998	135.00000
1495899875	134.99997	134.99997	134.99997
1495899886	134.82217	135.00000	135.00000
1495899898	134.82217	135.00000	135.00000
1495899909	134.82167	135.00000	134.99998
1495899920	134.82227	134.99998	135.00000
1495899931	134.82227	135.00000	134.99997
1495899942	134.82236	135.00000	134.99998
1495899953	134.82236	135.03452	135.00000
1495899964	135.00008	136.00000	135.00008
1495899975	136.00000	136.00000	136.00000
1495899987	135.97916	135.97916	136.00000
1495899998	135.34117	135.97916	135.97916
1495900009	135.34125	135.34125	135.97916
1495900020	135.99998	136.00000	136.00000
1495900031	135.99998	135.99998	135.99998
1495900042	135.99998	135.99998	135.99998
1495900053	135.99998	136.00000	136.00000
1495900064	136.00000	136.00000	136.74998
1495900075	136.00005	136.74998	136.74998
1495900087	136.00002	136.00002	136.74990
1495900098	135.00002	135.97916	136.00000
1495900109	136.00000	135.97916	136.48215
1495900120	136.48216	136.48216	136.74997
1495900131	136.48216	136.74992	136.74997
1495900142	136.40001	136.74995	136.74997
1495900154	136.48218	136.74997	136.74997
1495900165	136.40000	136.75000	136.75000
1495900176	136.40001	136.75000	136.75000
1495900187	136.40002	136.40002	136.75000
1495900198	136.00015	136.75000	136.75000
1495900209	136.75000	136.75000	136.75000
1495900220	136.10000	136.74998	136.75000
1495900231	136.10004	136.74995	136.75000
1495900242	136.10004	136.74995	136.75000
1495900254	136.10011	136.75000	136.75000
1495900265	136.10011	136.75000	136.75000
1495900276	136.10020	136.75000	136.74995
1495900287	136.10020	136.74998	136.74998
1495900298	136.70000	136.74998	136.75000
1495900309	136.11002	136.74998	136.74998
1495900320	136.12000	136.11002	136.74998
1495900331	136.12003	136.88490	136.50000
1495900803	137.99004	136.92001	138.00000
1495900814	137.99900	138.00000	138.00000
1495900825	138.00000	138.00000	138.00000
1495900836	138.00000	138.00000	138.00000
1495900863	138.00000	138.00000	138.00000
1495900876	138.00000	138.00000	138.00000
1495900889	138.00000	138.00000	138.00000
1495900902	138.01000	138.00000	138.31099
1495900915	138.37077	138.35991	138.47972
1495900928	138.65000	138.65000	138.65000
1495900942	138.65001	138.78000	138.99200
1495900955	138.99200	139.00000	139.00000
1495900968	139.00000	139.00000	139.00000
1495900981	139.11100	139.11100	139.11100
1495900994	139.22255	139.11100	139.22255
1495901007	139.22255	139.22255	139.22255
1495901020	139.40000	139.27937	139.51965
1495901033	139.22714	139.27937	139.51964
1495901046	139.51965	139.51965	139.51965
1495901059	139.51965	139.51965	139.51965
1495901073	139.51965	139.51965	139.51965
1495901086	139.51965	139.51965	139.51965
1495901099	139.51965	139.51965	139.51965
1495901112	139.51965	139.51965	139.51965
1495901125	139.50002	139.50000	139.51965
1495901138	139.40002	139.50000	139.50000
1495901151	139.40002	139.50000	139.50000
1495901165	139.40004	139.50000	139.50000
1495901178	139.49998	139.40005	139.50000
1495901191	139.49998	139.50000	139.50000
1495901204	139.50000	139.50000	139.50000
1495901217	139.50000	139.50000	139.50000
1495901230	139.50000	139.50000	139.50000
1495901243	139.41003	139.50000	139.50000
1495901257	139.00002	139.50000	139.40004
1495901270	138.65300	138.65315	139.49998
1495901283	139.00000	139.00000	139.00000
1495901296	139.50000	139.50000	139.50000
1495901309	139.00005	139.00003	139.49000
1495901322	139.00002	139.00005	139.49000
1495901335	139.00006	139.40587	139.40587
1495901349	139.40587	139.42249	139.42249
1495901362	139.42249	139.45209	139.50000
1495901375	138.70015	139.51965	139.43549
1495901388	139.49000	139.50000	139.51965
1495901401	139.51965	139.43549	139.51965
1495901414	138.71000	139.40000	139.40000
1495901427	139.40000	139.40000	139.40000
1495901440	139.40000	139.46423	139.40000
1495901454	139.46423	139.46580	139.46580
1495901467	139.40002	139.40002	139.44363
1495901480	139.40002	139.40002	139.44210
1495901493	139.47266	139.47266	139.47813
1495901506	139.47876	139.51965	139.51965
1495901519	138.80000	139.47000	139.51965
1495901533	139.60000	139.60000	139.79999
1495901546	139.80000	139.80000	139.84242
1495901559	139.84242	139.84242	139.88810
1495901572	139.60023	139.90424	139.88810
1495901586	139.90000	139.90424	139.90855
1495901599	139.90000	139.91230	139.91707
1495901612	139.91707	139.93338	139.93338
1495901625	139.91708	139.92249	139.93881
1495901638	139.93881	139.88000	139.94598
1495901651	139.88000	139.90260	139.89429
1495901664	139.89429	139.92000	139.92000
1495901677	139.00000	139.46872	139.44254
1495901690	139.48032	139.48856	139.48856
1495901703	139.48856	139.48856	139.48856
1495901716	139.49000	139.89407	139.49332
1495901730	139.49335	139.92320	139.92320
1495901743	139.00026	139.49000	139.45784
1495901756	139.00027	139.40000	139.40000
1495901769	139.40000	139.44041	139.47115
1495901782	139.49200	139.49160	139.92297
1495901795	139.92297	139.98183	139.98183
1495901808	139.95029	140.00000	140.00002
1495901821	140.00000	140.00000	140.00002
1495901835	140.25000	141.00000	141.00000
1495901848	140.25002	140.90000	140.99998
1495901861	140.25009	140.99992	140.99992
1495901874	140.25010	140.99998	140.99998
1495901887	140.25012	140.25012	140.99998
1495901900	140.26001	140.50000	140.84511
1495901913	140.59126	140.92860	140.92860
1495901927	140.59130	141.00000	141.00000
1495901940	140.59130	141.00000	141.00000
1495901953	140.60000	141.00000	141.00000
1495901966	140.60000	140.90000	140.90000
1495901979	140.80000	140.90000	140.90000
1495901992	141.00002	141.90000	142.00000
1495902005	140.80011	141.12100	141.12100
1495902019	141.00000	141.12100	141.98996
1495902032	141.30055	141.12100	141.98985
1495902045	141.30057	141.30057	141.50000
1495902058	141.30064	141.30057	141.50000
1495902072	140.50000	141.00000	140.95029
1495902085	141.03345	141.32329	142.49956
1495902098	141.17938	142.49983	142.49985
1495902111	141.17940	142.49983	142.50000
1495902124	141.17940	141.17940	142.40000
1495902137	141.42117	142.05334	142.05334
1495902150	141.42119	142.05336	142.05336
1495902163	141.76247	141.76247	141.76247
1495902177	141.24437	142.05328	142.05328
1495902190	141.37074	142.00000	141.76245
1495902203	141.87344	142.39984	141.99998
1495902216	142.00000	142.00000	142.00000
1495902229	142.22215	142.22214	142.39998
1495902242	141.72348	142.23337	142.23337
1495902255	142.38333	142.23352	142.39996
1495902269	142.24797	142.38333	142.39996
1495902282	142.10559	142.10548	142.24797
1495902295	142.04758	142.10551	142.10559
1495902308	142.10567	142.39992	142.49998
1495902321	142.29054	142.29054	142.45248
1495902334	142.23352	142.23352	142.29054
1495902347	142.45248	142.23352	142.57378
1495902361	142.92040	142.98990	142.98990
1495902374	142.23354	142.24797	143.01000
1495902387	142.98944	143.89980	143.89980
1495902400	142.98944	142.98944	142.99998
1495902413	142.98944	142.99998	142.99998
1495902426	143.00000	144.55000	144.91264
1495902439	143.00002	144.00000	144.00000
1495902452	143.20001	143.99998	144.91257
1495902465	143.20001	143.20001	144.91254
1495902478	143.20007	143.99998	143.99998
1495902492	143.20009	143.99998	144.91248
1495902505	143.20010	144.12100	144.12100
1495902518	143.00020	143.20000	144.12099
1495902531	143.00021	144.88245	144.88243
1495902545	143.00027	143.30000	143.30000
1495902558	144.74252	143.50000	144.74400
1495902571	143.50008	144.74252	144.74252
1495902584	143.50008	144.74252	144.74252
1495902597	144.00000	144.74250	144.74250
1495902610	144.70000	144.70000	144.70100
1495902623	144.70001	144.00002	144.70100
1495902637	143.55011	143.55011	144.70001
1495902650	144.50002	144.50000	144.70001
1495902663	144.50000	144.50000	144.91286
1495902676	144.30000	144.30000	144.30000
1495902689	144.26785	143.60011	144.30000
1495902703	144.50000	144.89800	144.80000
1495902716	144.00012	144.80000	144.60000
1495902729	144.50002	144.60000	144.60000
1495902742	144.00023	144.60000	144.59999
1495902755	144.50003	144.76260	144.76260
1495902769	144.50005	144.50005	144.59999
1495902782	144.50120	144.50000	144.60000
1495902795	144.50120	144.76260	144.77538
1495902808	144.00044	144.50120	144.50120
1495902821	144.76262	144.60000	144.76620
1495902834	144.76620	144.77843	144.77394
1495902847	144.76260	144.76260	144.76262
1495902860	144.60010	144.76260	144.76257
1495902873	143.55000	143.58000	144.76257
1495902887	143.58002	144.77000	144.76260
1495902900	144.00010	144.50000	144.89998
1495902913	144.44002	144.44000	144.89359
